2,2,5,0.046409,0.005350
2,2,6,0.054205,0.013800
2,2,7,0.054388,0.024275
2,2,8,0.071383,0.026693
2,2,9,0.081962,0.029217
2,2,10,0.099191,0.032876
2,2,11,0.122404,0.034021
2,2,12,0.171547,0.043900
2,2,13,0.191464,0.058288
2,2,14,0.229467,0.063571
2,2,15,0.275161,0.068002
2,2,16,0.330587,0.071675
2,2,17,0.396721,0.076132
2,2,18,0.473640,0.080017
2,2,19,0.557239,0.089078
2,2,20,0.659629,0.092905
2,2,21,0.766376,0.102469
2,2,22,0.889354,0.104485
2,2,23,1.025848,0.109499
2,2,24,1.176845,0.110018
2,2,25,1.346126,0.110922
2,2,26,1.525365,0.111848
2,2,27,1.729807,0.112953
2,2,28,1.939472,0.117650
2,2,29,2.179762,0.151120
2,2,30,2.431605,0.160344
2,2,31,2.730482,0.176809
2,2,32,3.027467,0.189292
2,2,33,3.333845,0.191382
2,2,34,3.692076,0.200607
2,2,35,4.073320,0.212601
2,2,36,4.461893,0.249367
2,2,37,4.897202,0.277223
2,2,38,5.376160,0.280064
2,2,39,5.832021,0.280728
2,2,40,6.372075,0.283482
2,2,41,6.962715,0.287880
2,2,42,7.496722,0.291250
2,2,43,8.163757,0.293927
2,2,44,8.786552,0.325769
2,2,45,9.541245,0.355611
2,2,46,10.229245,0.489677
2,2,47,11.035333,0.528734
2,2,48,11.831325,0.675178
2,2,49,12.694512,0.724297
2,2,50,13.638470,0.732818
2,2,51,14.528626,0.735791
2,2,52,15.589008,0.742360
2,2,53,16.617963,0.744693
2,2,54,17.693292,0.750554
2,2,55,18.834566,0.756112
2,2,56,19.996247,0.802945
2,2,57,21.308138,0.843064
2,2,58,22.632010,0.853053
2,2,59,23.981718,0.862328
2,2,60,25.409647,0.903189
2,2,61,26.952046,0.943624
2,2,62,28.496613,1.005647
2,2,63,30.186197,1.048649
2,2,64,31.993905,1.100881
2,2,65,33.677682,1.130928
2,2,66,35.729958,1.176061
2,2,67,37.839356,1.202765
2,2,68,39.657922,1.225748
2,2,69,41.554163,1.246345
2,2,70,43.660808,1.258340
2,2,71,45.932438,1.297194
2,2,72,48.184771,1.325393
2,2,73,50.619353,1.346753
2,2,74,53.169642,1.364107
2,2,75,55.724300,1.397091
2,2,76,58.452685,1.413790
2,2,77,61.137003,1.444378
2,2,78,64.006670,1.454965
2,2,79,67.213846,1.478275
2,2,80,70.127345,1.489762
2,2,81,73.394532,1.511987
2,2,82,76.256998,1.527770
2,2,83,80.165565,1.543869
2,2,84,83.050330,1.560876
2,2,85,86.783018,1.569167
2,2,86,90.210851,1.587709
2,2,87,94.379560,1.593123
2,2,88,97.876040,1.609664
2,2,89,101.759197,1.635384
2,2,90,105.990157,1.644945
2,2,91,110.199336,1.649468
2,2,92,114.641872,1.658905
2,2,93,119.050687,1.662658
2,2,94,124.411389,1.670389
2,2,95,128.558287,1.688294
2,2,96,133.979596,1.699809
2,2,97,138.463649,1.702515
2,2,98,143.784453,1.714457
2,2,99,149.148846,1.719858
2,2,100,154.269689,1.730647
2,2,101,160.188728,1.745197
2,2,102,166.245629,1.757368
2,2,103,172.982058,1.762512
2,2,104,177.940887,1.770374
2,2,105,183.833588,1.784613
2,2,106,191.032154,1.818108
2,2,107,196.781617,1.836894
2,2,108,203.690020,1.854059
2,2,109,210.922605,1.863434
2,2,110,218.188213,1.892738
2,2,111,224.644116,1.935762
2,2,112,233.503552,1.955963
2,2,113,239.092752,1.966671
2,2,114,246.900789,1.989810
2,2,115,254.233465,2.005837
2,2,116,262.424958,2.069589
2,2,117,271.151339,2.159069
2,2,118,279.422550,2.197679
2,2,119,290.255264,2.209458
2,2,120,297.230712,2.226606
2,2,121,305.975705,2.234235
2,2,122,314.841776,2.242406
2,2,123,326.780151,2.311018
2,2,126,356.116104,2.527371
2,2,127,364.198544,2.573098
2,2,128,375.877109,2.611688
2,2,129,386.995434,2.653735
2,2,130,396.856850,2.703812
2,2,131,409.750864,2.756766
2,2,132,422.869308,2.826722
2,2,133,432.606258,2.870832
2,2,134,443.855552,2.912039
2,2,135,458.544694,2.975166
2,2,136,469.301998,3.004377
2,2,137,485.299072,3.038309
2,2,138,497.848966,3.087960
2,2,139,512.503969,3.104161
2,2,140,524.592031,3.114565
2,2,141,534.316258,3.131295
2,2,142,549.193004,3.193399
2,2,143,563.119510,3.253626
2,2,144,579.773793,3.266382
2,2,145,592.639081,3.283338
2,2,146,607.788198,3.304450
2,2,147,623.805490,3.343014
2,2,148,640.910011,3.387030
2,2,149,659.290090,3.430468
2,2,150,671.348874,3.489549
2,2,151,688.128751,3.532918
2,2,152,704.899737,3.587524
2,2,153,721.491142,3.605332
2,2,154,742.014126,3.621201
2,2,155,757.438463,3.679973
2,2,156,774.713758,3.755410
2,2,157,793.298783,3.771256
2,2,158,813.076546,3.798343
2,2,159,830.030785,3.831335
2,2,160,851.484775,3.859392
2,2,161,870.480425,3.886711
2,2,162,890.388473,3.945221
2,2,163,911.180899,3.982666
2,2,164,933.323887,4.027844
2,2,165,954.145661,4.063909
2,2,166,980.912820,4.112199
2,2,167,997.707263,4.185694
2,2,168,1018.912881,4.218114
2,2,169,1052.855532,4.261831
2,2,170,1063.730749,4.315381
2,2,171,1094.913155,4.372088
2,2,172,1116.778562,4.423423
2,2,173,1135.817062,4.442080
2,2,174,1159.597585,4.486495
2,2,175,1186.550123,4.552542
2,2,176,1209.757569,4.575350
2,2,177,1236.926213,4.594160
2,2,178,1258.594836,4.647430
2,2,179,1304.604680,4.734376
2,2,180,1318.722655,4.766299
2,2,181,1361.360713,4.779663
2,2,182,1386.528257,4.893460
2,2,183,1401.712212,4.924338
2,2,184,1445.554442,4.946525
2,2,185,1469.386152,4.955058
2,2,186,1484.884762,4.968308
2,2,187,1515.852256,5.082961
2,2,188,1543.890854,5.176185
2,2,189,1576.633298,5.337105
2,2,190,1605.620116,5.535635
2,2,191,1646.031254,5.784166
2,2,192,1679.025209,5.876201
2,2,193,1702.895138,6.017720
2,2,194,1732.893766,6.111688
2,2,195,1777.270834,6.311640
2,2,196,1802.659774,6.539890
2,2,197,1834.426092,6.648071
2,2,198,1871.062212,6.804725
2,2,199,1908.408850,7.046072
2,2,200,1952.899921,7.106207
2,2,201,1980.726874,7.425057
2,2,202,2024.907394,7.637547
2,2,203,2069.253989,7.866384
2,2,204,2096.927908,8.193717
2,2,205,2132.382782,8.377643
2,2,206,2176.991780,8.533521
2,2,207,2215.465801,8.603145
2,2,208,2263.362660,8.639010
2,2,209,2297.760001,8.712370
2,2,210,2358.728978,8.741325
2,2,211,2369.270228,8.801314
2,2,212,2440.332335,8.872635
2,2,213,2478.536546,9.053341
2,2,214,2507.599795,9.249933
2,2,215,2553.334553,9.359174
2,2,216,2608.989057,9.414553
2,2,217,2631.435502,9.589643
2,2,218,2693.619722,9.769922
2,2,219,2735.319131,9.830494
2,2,220,2793.402662,10.108622
2,2,221,2823.704660,10.561490
2,2,222,2902.034992,10.727891
2,2,223,2918.796909,10.793259
2,2,224,2980.931314,10.836791
2,2,225,3040.855220,11.082660
2,2,226,3066.628614,11.180394
2,2,227,3114.488005,11.231511
2,2,228,3194.357854,11.278807
2,2,229,3240.811604,11.368909
2,2,230,3280.735772,11.439897
2,2,231,3366.023140,11.495162
2,2,232,3386.775358,11.531167
2,2,233,3476.007057,11.679845
2,2,236,3638.388392,12.028218
2,2,237,3905.609465,12.401478
2,2,238,3749.032220,12.498066
2,2,239,3816.624932,12.572200
2,2,240,3868.481940,12.896036
2,2,241,3931.760104,13.050003
2,2,242,3982.001200,13.163753
2,2,243,4060.264771,13.196192
2,2,244,4092.475306,13.233333
2,2,245,4176.741952,13.307869
2,2,246,4254.445299,13.459648
2,2,247,4282.533412,13.518721
2,2,248,4358.483930,13.543422
2,2,249,4429.302891,13.682060
2,3,5,0.051210,0.006900
2,3,6,0.072353,0.024360
2,3,7,0.110471,0.026110
2,3,8,0.167161,0.039227
2,3,9,0.253624,0.047935
2,3,10,0.343052,0.082440
2,3,11,0.602960,0.112527
2,3,12,0.755578,0.122589
2,3,13,1.084636,0.128348
2,3,14,1.884585,0.184027
2,3,15,2.429740,0.245970
2,3,16,2.877072,0.302996
2,3,17,3.476124,0.337277
2,3,18,4.511419,0.367667
2,3,19,5.753073,0.417317
2,3,20,7.235215,0.479404
2,3,21,8.964551,0.504850
2,3,22,10.998653,0.570656
2,3,23,13.356598,0.615738
2,3,24,16.157626,0.656036
2,3,25,19.350487,0.694827
2,3,26,23.015955,0.738263
2,3,27,27.289296,0.764510
2,3,28,32.023924,0.777373
2,3,29,37.503376,0.808084
2,3,30,43.499634,0.861438
2,3,31,50.295098,0.884337
2,3,32,57.964345,0.915417
2,3,33,66.637559,0.922960
2,3,34,76.094396,0.974789
2,3,35,86.429704,1.049426
2,3,36,97.544295,1.080207
2,3,37,110.374970,1.121315
2,3,38,124.511222,1.167117
2,3,39,139.464399,1.186851
2,3,40,156.059890,1.237355
2,3,41,174.311608,1.273385
2,3,42,194.252008,1.371030
2,3,43,215.425616,1.456840
2,3,44,237.929507,1.473924
2,3,45,263.494208,1.489598
2,3,46,290.162418,1.532782
2,3,47,319.838909,1.564046
2,3,48,353.027445,1.620926
2,3,49,387.012248,1.634174
2,3,50,423.686698,1.749182
2,3,51,463.259648,1.830072
2,3,52,505.466581,2.028383
2,3,53,549.862364,2.106559
2,3,54,597.225753,2.334791
2,3,55,649.779407,2.525715
2,3,56,704.098432,2.613302
2,3,57,762.184838,2.671936
2,3,58,824.165083,2.789143
2,3,59,891.093371,2.855797
2,3,60,961.168397,2.949760
2,3,61,1036.447764,3.065892
2,3,62,1114.917023,3.290469
2,3,63,1195.063983,3.520595
2,3,64,1287.267504,3.647161
2,3,65,1387.801611,3.723564
2,3,66,1479.717264,3.829437
2,3,67,1585.449162,3.906243
2,3,68,1692.715598,3.995842
2,3,69,1811.613028,4.068718
2,3,70,1929.872528,4.174589
2,3,71,2055.434645,4.241913
2,3,72,2199.552815,4.324776
2,3,73,2340.905773,4.362404
2,3,74,2489.505680,4.449005
2,3,75,2645.361043,4.514866
2,3,76,2804.932593,4.580505
2,3,77,2984.165403,4.679467
2,3,78,3176.260952,4.753470
2,3,79,3356.335589,4.815617
2,3,80,3563.569770,4.891098
2,3,81,3773.942775,4.972599
2,3,82,3988.744661,4.992998
2,3,83,4228.908041,5.020248
2,3,84,4430.193601,5.034571
2,3,85,4677.069945,5.096840
2,3,86,4923.917148,5.109364
2,3,87,5194.317140,5.155052
2,3,88,5484.553163,5.171774
2,3,89,5758.545985,5.210439
2,3,90,6079.203365,5.249190
2,3,91,6387.334233,5.260431
2,3,92,6704.207080,5.300536
2,3,93,7063.353935,5.317571
2,3,94,7426.943731,5.349554
2,3,95,7785.396959,5.424938
2,3,96,8171.615220,5.469031
2,3,97,8543.379409,5.490428
2,3,98,8955.239755,5.500640
2,3,99,9412.366989,5.515864
2,3,100,9880.233673,5.545669
2,3,101,10279.238304,5.556571
2,3,102,10791.661407,5.575804
2,3,103,11270.072670,5.593341
2,3,104,11770.389127,5.615842
2,3,105,12332.954181,5.631068
2,3,106,12868.638681,5.655733
2,3,107,13423.241904,5.667486
2,3,108,13993.672307,5.686680
2,3,109,14644.837979,5.727318
2,3,110,15251.113281,5.758528
2,3,111,15939.593061,5.789090
2,3,112,16632.598068,5.837811
2,3,113,17357.225992,5.857159
2,3,114,18049.837218,5.995861
2,3,115,18792.886552,6.098638
2,3,116,19571.382403,6.229379
2,3,117,20356.589355,6.325301
2,3,118,21248.169647,6.487767
2,3,119,21996.909637,6.751024
2,3,120,22894.065112,6.896328
2,3,121,23752.724182,7.031294
2,3,122,24726.696250,7.220518
2,3,123,25687.440390,7.322289
2,3,124,26668.335455,7.639202
2,3,142,51570.270807,10.092822
2,3,143,53138.813406,10.257114
2,3,145,58465.038630,10.458365
2,3,180,149980.788769,12.401025
2,3,200,291342.586759,15.747120
2,3,220,434787.106920,19.721786
2,3,233,507955.226466,22.093221
2,3,234,550000.000000,22.375277
2,4,5,0.137521,0.109300
2,4,6,0.140091,0.213600
2,4,7,0.247706,0.300340
2,4,8,0.406570,0.368117
2,4,9,0.724908,0.420683
2,4,10,1.303453,0.497524
2,4,11,2.272217,0.601742
2,4,12,3.782120,0.674222
2,4,13,6.038845,0.754831
2,4,14,11.648398,0.893685
2,4,15,16.627707,1.030839
2,4,16,21.486895,1.163050
2,4,17,28.311859,1.290860
2,4,18,39.274949,1.444325
2,4,19,53.110879,1.620568
2,4,20,70.923915,1.713703
2,4,21,93.405785,1.744793
2,4,22,121.514537,1.794306
2,4,23,155.452600,1.825076
2,4,24,197.707773,1.901594
2,4,25,248.460970,1.927409
2,4,26,310.043625,2.037314
2,4,27,382.003431,2.079214
2,4,28,466.190860,2.170124
2,4,29,568.817523,2.331731
2,4,30,686.223513,2.488558
2,4,31,828.427797,2.595783
2,4,32,982.275599,2.784089
2,4,33,1165.667027,2.888403
2,4,34,1385.403723,3.073636
2,4,35,1618.851663,3.173049
2,4,36,1899.807619,3.314721
2,4,37,2203.850937,3.392395
2,4,38,2558.551565,3.474086
2,4,39,2934.147069,3.497940
2,4,40,3389.091788,3.586157
2,4,41,3882.578728,3.603934
2,4,42,4420.814150,3.726457
2,4,43,5046.549873,3.816497
2,4,44,5729.998053,3.890169
2,4,45,6510.275490,3.959640
2,4,46,7344.359846,4.128296
2,4,47,8291.009742,4.252670
2,4,48,9283.823430,4.448585
2,4,49,10404.194115,4.554245
2,4,50,11643.916676,4.811915
2,4,51,12995.112498,4.924064
2,4,52,14462.148490,5.132377
2,4,53,16071.525100,5.338506
2,4,54,17788.762334,5.620393
2,4,55,19695.106886,5.823646
2,4,56,21753.021598,5.909513
2,4,57,23987.463640,6.099877
2,4,58,26464.580761,6.250311
2,4,59,29137.245551,6.325070
2,4,60,31996.725557,6.442712
2,4,61,35149.124710,6.535891
2,4,62,38405.708278,6.833619
2,4,63,42041.747231,7.168259
2,4,64,45970.463011,7.424391
2,4,65,49834.701924,7.612325
2,4,66,54402.236635,7.877781
2,4,67,73611.027815,7.985658
2,4,68,80192.037577,8.097889
2,4,69,86921.328623,8.185167
2,4,70,94061.707693,8.430441
2,4,71,101689.311462,8.506014
2,4,76,125768.127118,8.934541
2,4,77,135541.723726,9.129265
2,4,78,166800.211733,9.286052
2,4,79,178413.951567,9.401089
2,4,80,193045.232205,9.478543
2,4,100,562432.749932,11.162444
2,5,5,0.132403,0.525700
2,5,6,0.331970,0.676875
2,5,7,0.412948,0.769740
2,5,8,0.732482,0.906387
2,5,9,1.790155,1.003090
2,5,10,3.815168,1.088158
2,5,11,7.881251,1.146023
2,5,12,15.059503,1.268954
2,5,13,27.108979,1.444503
2,5,14,46.604913,1.543696
2,5,15,92.002241,1.651262
2,5,16,120.784577,1.729213
2,5,17,185.612764,2.171594
2,5,18,278.351985,2.386120
2,5,19,405.632038,2.514223
2,5,20,581.118749,2.664500
2,5,21,813.936563,2.812227
2,5,22,1123.202915,2.887721
2,5,23,1517.293200,2.948747
2,5,24,2035.510802,2.987820
2,5,25,2687.826247,3.108883
2,5,26,3519.061301,3.179759
2,5,27,4545.515938,3.339020
2,5,28,5810.686864,3.441693
2,5,29,7369.594806,3.881357
2,5,30,9241.805690,3.980734
2,5,31,11537.933030,4.063784
2,5,32,14348.083093,4.282452
2,5,33,17587.024281,4.487931
2,5,34,21556.922002,4.751394
2,5,35,26134.079635,4.875475
2,5,36,31511.624804,4.962958
2,5,37,37893.804508,5.072850
2,5,38,45480.143574,5.296545
2,5,39,53912.412635,5.424688
2,5,40,63949.576606,5.497631
2,5,41,75247.605767,5.613428
2,5,42,88494.042822,5.707480
2,5,43,105882.513708,5.801385
2,5,44,123395.010010,5.906583
2,5,45,143532.548714,6.097043
2,5,46,191029.524511,6.212169
2,5,48,231942.154502,6.439539
2,5,50,325520.315678,7.050460
2,5,55,593511.693890,8.290302
2,5,56,604800.000000,8.400350