k,d,n,tiempo, coste
2,2,5,0.289159,0.005350
2,2,6,0.484304,0.013800
2,2,7,0.653691,0.024275
2,2,9,0.730598,0.029217
2,2,10,0.923593,0.032876
2,2,11,1.275284,0.034021
2,2,12,1.754450,0.043900
2,2,13,2.292780,0.058288
2,2,14,2.838924,0.063571
2,2,15,3.563108,0.068002
2,2,16,4.396893,0.071675
2,2,17,5.295337,0.076132
2,2,18,6.652101,0.080017
2,2,19,8.058912,0.089078
2,2,20,10.041406,0.092905
2,2,21,11.971220,0.102469
2,2,22,13.533906,0.104485
2,2,23,17.080387,0.109499
2,2,24,19.906435,0.110018
2,2,25,22.861345,0.110922
2,2,26,27.551298,0.111848
2,2,27,32.074230,0.112953
2,2,28,37.075347,0.117650
2,2,29,42.602586,0.151120
2,2,30,48.110859,0.160344
2,2,31,54.957256,0.176809
2,2,32,59.681175,0.189292
2,2,33,70.778681,0.191382
2,2,34,76.467584,0.200607
2,2,35,88.595260,0.212601
2,2,36,99.287023,0.249367
2,2,37,107.578534,0.277223
2,2,38,118.582153,0.280064
2,2,39,137.352857,0.280728
2,2,40,151.598453,0.283482
2,2,41,160.919239,0.287880
2,2,42,177.755316,0.291250
2,2,43,203.172351,0.293927
2,2,44,213.344198,0.325769
2,2,45,242.517970,0.355611
2,2,46,265.296044,0.489677
2,2,47,289.270876,0.528734
2,2,48,301.641837,0.675178
2,2,49,340.883060,0.724297
2,2,50,370.436985,0.732818
2,2,51,384.314744,0.735791
2,2,52,432.540159,0.742360
2,2,53,463.447592,0.744693
2,2,54,500.992467,0.750554
2,2,55,540.813734,0.756112
2,2,58,643.542113,0.853053
2,2,59,719.205017,0.862328
2,2,60,768.589516,0.903189
2,2,61,786.135798,0.943624
2,2,62,838.565977,1.005647
2,2,63,930.323016,1.048649
2,2,64,953.561803,1.100881
2,2,65,1016.142567,1.130928
2,2,66,1127.181151,1.176061
2,2,67,1146.641082,1.202765
2,2,68,1216.050297,1.225748
2,2,69,1340.656042,1.246345
2,2,70,1412.536292,1.258340
2,2,71,1504.170853,1.297194
2,2,72,1586.288710,1.325393
2,2,73,1613.823804,1.346753
2,2,74,1769.729175,1.364107
2,2,75,1865.541940,1.397091
2,2,76,1968.970234,1.413790
2,2,77,2088.441038,1.444378
2,2,78,2182.769312,1.454965
2,2,79,2207.241973,1.478275
2,2,80,2417.300908,1.489762
2,2,81,2555.208095,1.511987
2,2,82,2558.819960,1.527770
2,2,83,2688.796218,1.543869
2,2,84,2824.544931,1.560876
2,2,85,2960.510305,1.569167
2,2,87,3142.199703,1.593123
2,2,88,3404.746553,1.609664
2,2,89,3570.346830,1.635384
2,2,90,3891.750368,1.644945
2,2,91,4074.008321,1.649468
2,2,92,4076.568500,1.658905
2,2,93,4431.599624,1.662658
2,2,94,4609.952314,1.670389
2,2,95,4618.957382,1.688294
2,2,96,4804.162561,1.699809
2,2,97,5236.930287,1.702515
2,2,98,5463.562251,1.714457
2,2,100,5673.954928,1.730647
2,2,101,5905.497445,1.745197
2,2,102,6409.783574,1.757368
2,2,103,6651.135008,1.762512
2,2,104,6913.194433,1.770374
2,2,105,7238.202960,1.784613
2,2,106,7477.038493,1.818108
2,2,107,7810.975340,1.836894
2,2,108,8070.698084,1.854059
2,2,110,8320.828372,1.892738
2,2,111,8964.911660,1.935762
2,2,112,9342.975379,1.955963
2,2,113,9697.508671,1.966671
2,2,114,9647.887917,1.989810
2,2,115,10025.840047,2.005837
2,2,116,10329.386426,2.069589
2,2,118,11015.706951,2.197679
2,2,119,11411.007844,2.209458
2,2,120,12261.369456,2.226606
2,2,122,13192.682032,2.242406
2,2,123,13088.985391,2.311018
2,2,124,13431.803414,2.350101
2,2,126,14299.738198,2.527371
2,2,127,14772.741464,2.573098
2,2,128,15434.038674,2.611688
2,2,129,15737.718798,2.653735
2,2,130,16895.674209,2.703812
2,2,131,17442.626361,2.756766
2,2,132,18103.307507,2.826722
2,2,133,18473.387629,2.870832
2,2,134,18934.883863,2.912039
2,2,135,18837.459374,2.975166
2,2,137,20020.081127,3.038309
2,2,138,20570.052391,3.087960
2,2,180,32802.836992,4.766299
2,2,210,51782.863211,8.741325
2,2,249,101343.465831,13.682060
2,3,5,0.109313,0.006900
2,3,6,0.138259,0.024360
2,3,7,0.331435,0.026110
2,3,8,0.566689,0.039227
2,3,9,1.051194,0.047935
2,3,10,1.721264,0.082440
2,3,11,2.837744,0.112527
2,3,12,4.496511,0.122589
2,3,13,6.874968,0.128348
2,3,14,10.102492,0.184027
2,3,15,14.416439,0.245970
2,3,16,20.306048,0.302996
2,3,17,27.700720,0.337277
2,3,18,37.236856,0.367667
2,3,19,49.316133,0.417317
2,3,20,64.089971,0.479404
2,3,21,82.316585,0.504850
2,3,22,104.962399,0.570656
2,3,23,131.981187,0.615738
2,3,24,164.232445,0.656036
2,3,25,202.181623,0.694827
2,3,26,247.246114,0.738263
2,3,27,299.832955,0.764510
2,3,28,360.865407,0.777373
2,3,29,431.184128,0.808084
2,3,30,512.375518,0.861438
2,3,31,606.217976,0.884337
2,3,32,711.829151,0.915417
2,3,33,834.277446,0.922960
2,3,34,967.551098,0.974789
2,3,35,1127.268956,1.049426
2,3,36,1296.090906,1.080207
2,3,37,1495.206847,1.121315
2,3,38,1704.658477,1.167117
2,3,39,1956.864378,1.186851
2,3,40,2223.990483,1.237355
2,3,41,2525.784988,1.273385
2,3,42,2845.378606,1.371030
2,3,43,3212.320176,1.456840
2,3,44,3592.030284,1.473924
2,3,45,4046.210226,1.489598
2,3,46,4509.950920,1.532782
2,3,47,5026.708413,1.564046
2,3,48,5580.065500,1.620926
2,3,49,6231.533507,1.634174
2,3,50,6895.262315,1.749182
2,3,51,7601.920344,1.830072
2,3,52,8408.366669,2.028383
2,3,53,9238.766363,2.106559
2,3,54,10137.328618,2.334791
2,3,55,11128.659212,2.525715
2,3,56,12225.000238,2.613302
2,3,57,13355.414446,2.671936
2,3,58,14614.952493,2.789143
2,3,59,15961.937657,2.855797
2,3,60,17363.570312,2.949760
2,3,61,18936.567863,3.065892
2,3,62,20383.685458,3.290469
2,3,63,22233.103816,3.520595
2,3,64,24078.162761,3.647161
2,3,65,25968.441974,3.723564
2,3,66,28058.290747,3.829437
2,3,67,30349.435810,3.906243
2,3,68,32568.590614,3.995842
2,3,69,35162.118616,4.068718
2,3,70,37863.847031,4.174589
2,3,71,40463.624364,4.241913
2,3,72,43653.853585,4.324776
2,3,73,46628.586547,4.362404
2,3,74,42969.228093,4.449005
2,3,75,46120.740441,4.514866
2,3,76,49033.145267,4.580505
2,3,80,76091.692655,4.891098
2,3,100,197485.898426,5.545669
2,3,120,491645.217815,6.896328
2,3,122,533913.565155,7.220518
2,3,124,604800.000000,7.639202
2,4,5,0.265359,0.109300
2,4,6,0.335741,0.213600
2,4,7,0.785342,0.300340
2,4,8,1.591766,0.368117
2,4,9,3.595041,0.420683
2,4,10,6.978917,0.497524
2,4,11,13.311747,0.601742
2,4,12,23.771993,0.674222
2,4,13,40.441794,0.754831
2,4,14,65.781533,0.893685
2,4,15,103.108651,1.030839
2,4,16,156.475927,1.163050
2,4,17,230.799384,1.290860
2,4,18,334.410616,1.444325
2,4,19,472.557222,1.620568
2,4,20,654.791533,1.713703
2,4,21,893.665725,1.744793
2,4,22,1202.493546,1.794306
2,4,23,1591.814530,1.825076
2,4,24,2081.376948,1.901594
2,4,25,2701.678254,1.927409
2,4,26,3450.061513,2.037314
2,4,27,4382.101462,2.079214
2,4,28,5486.350308,2.170124
2,4,29,6843.166152,2.331731
2,4,30,8447.995083,2.488558
2,4,31,10337.922382,2.595783
2,4,32,12618.372203,2.784089
2,4,33,15302.892242,2.888403
2,4,34,18368.110588,3.073636
2,4,35,21970.624696,3.173049
2,4,36,26208.907141,3.314721
2,4,37,31149.779341,3.392395
2,4,38,36790.077366,3.474086
2,4,39,43114.702265,3.497940
2,4,40,50421.098782,3.586157
2,4,41,58706.675521,3.603934
2,4,42,67954.919832,3.726457
2,4,43,78556.381444,3.816497
2,4,44,90314.778355,3.890169
2,4,50,172911.723317,4.811915
2,4,60,528588.460639,6.442712
2,5,5,0.285822,0.525700
2,5,6,0.964994,0.676875
2,5,7,1.542300,0.769740
2,5,8,3.280328,0.906387
2,5,9,9.100403,1.003090
2,5,10,20.932423,1.088158
2,5,11,46.842715,1.146023
2,5,12,95.641791,1.268954
2,5,13,182.663776,1.444503
2,5,14,329.150359,1.543696
2,5,15,570.482893,1.651262
2,5,16,947.612004,1.729213
2,5,17,1523.040106,2.171594
2,5,18,2377.138292,2.386120
2,5,19,3616.244439,2.514223
2,5,20,5355.941140,2.664500
2,5,21,7745.085274,2.812227
2,5,22,11031.557082,2.887721
2,5,23,15464.510563,2.948747
2,5,24,21348.214440,2.987820
2,5,25,29050.608703,3.108883
2,5,26,38916.286409,3.179759
2,5,27,51728.568917,3.339020
2,5,28,67839.487420,3.441693
2,5,29,87885.124941,3.881357
2,5,30,113114.803134,3.980734
2,5,31,144174.101666,4.063784
2,5,32,153164.574277,4.282452
2,5,36,424609.784229,4.962958
2,5,37,441578.966381,5.072850
3,2,5,218.659290,0.001600
3,2,6,905.181432,0.005350
3,2,7,2928.869167,0.013800
3,2,8,7930.428232,0.014800
3,2,9,18968.778663,0.015933
3,2,10,41134.373290,0.017617
3,2,11,82971.537692,0.019667
3,2,12,156606.170715,0.030608
3,2,13,280321.585840,0.037721
3,3,5,6884.676042,0.001800
3,3,6,48907.963347,0.006900
3,3,7,241622.215352,0.008650
3,4,5,23399.450470,0.052000
3,4,6,289983.025760,0.109300
3,5,5,64712.023209,0.149650