2,2,5,0.001,0.00535
2,2,6,0.003,0.0138
2,2,7,0.007,0.024275
2,2,8,0.01,0.0266933
2,2,9,0.01,0.0292167
2,2,10,0.01,0.0328762
2,2,11,0.02,0.0340208
2,2,12,0.03,0.0439
2,2,13,0.04,0.0582875
2,2,14,0.05,0.0635708
2,2,15,0.06,0.0680018
2,2,16,0.07,0.071675
2,2,17,0.09,0.0761319
2,2,18,0.1,0.0800175
2,2,19,0.14,0.0890778
2,2,20,0.14,0.0929051
2,2,21,0.18,0.102469
2,2,22,0.2,0.104485
2,2,23,0.24,0.109499
2,2,24,0.26,0.110018
2,2,25,0.31,0.110922
2,2,26,0.33,0.111848
2,2,27,0.4,0.112953
2,2,28,0.44,0.11765
2,2,29,0.58,0.15112
2,2,30,0.74,0.160344
2,2,31,0.72,0.176809
2,2,32,0.88,0.189292
2,2,33,0.92,0.191382
2,2,34,1.09,0.200607
2,2,35,1.4,0.212601
2,2,36,1.55,0.249367
2,2,37,1.68,0.277223
2,2,38,1.83,0.280064
2,2,39,2.0,0.280728
2,2,40,2.08,0.283482
2,2,41,2.47,0.28788
2,2,42,2.49,0.29125
2,2,43,2.84,0.293927
2,2,44,3.08,0.325769
2,2,45,3.39,0.355611
2,2,46,4.45,0.489677
2,2,47,5.02,0.528734
2,2,48,5.53,0.675178
2,2,49,6.02,0.724297
2,2,50,5.9,0.732818
2,2,51,6.37,0.735791
2,2,52,6.5,0.74236
2,2,53,6.82,0.744693
2,2,54,6.79,0.750554
2,2,55,7.29,0.756112
2,2,56,7.8,0.802945
2,2,57,7.57,0.843064
2,2,58,7.86,0.853053
2,2,59,7.59,0.862328
2,2,60,8.57,0.903189
2,2,61,10.57,0.943624
2,2,62,10.87,1.00565
2,2,63,13.66,1.04865
2,2,64,12.24,1.10088
2,2,65,14.88,1.13093
2,2,66,14.25,1.17606
2,2,67,16.85,1.20277
2,2,68,16.21,1.22575
2,2,69,18.63,1.24635
2,2,70,18.2,1.25834
2,2,71,21.69,1.29719
2,2,72,20.3,1.32539
2,2,73,23.59,1.34675
2,2,74,22.61,1.36411
2,2,75,26.1,1.39709
2,2,76,26.29,1.41379
2,2,77,31.48,1.44438
2,2,78,29.22,1.45497
2,2,79,33.68,1.47827
2,2,80,30.17,1.48976
2,2,81,33.91,1.51199
2,2,82,35.46,1.52777
2,2,83,37.13,1.54387
2,2,84,38.75,1.56088
2,2,85,41.49,1.56917
2,2,86,44.33,1.58771
2,2,87,41.61,1.59312
2,2,88,47.31,1.60966
2,2,89,50.18,1.63538
2,2,90,53.11,1.64494
2,2,91,53.47,1.64947
2,2,92,58.09,1.6589
2,2,93,59.33,1.66266
2,2,94,64.8,1.67039
2,2,95,65.35,1.68829
2,2,96,69.87,1.69981
2,2,97,65.01,1.70251
2,2,98,70.28,1.71446
2,2,99,77.77,1.71986
2,2,100,83.33,1.73065
2,2,101,82.29,1.7452
2,2,102,89.37,1.75737
2,2,103,87.96,1.76251
2,2,104,96.12,1.77037
2,2,105,90.82,1.78461
2,2,106,101.75,1.81811
2,2,107,102.12,1.83689
2,2,108,102.99,1.85406
2,2,109,97.53,1.86343
2,2,110,109.44,1.89274
2,2,111,100.45,1.93576
2,2,112,110.38,1.95596
2,2,113,105.34,1.96667
2,2,114,122.03,1.98981
2,2,115,110.89,2.00584
2,2,116,115.86,2.06959
2,2,117,124.36,2.15907
2,2,118,109.24,2.19768
2,2,119,130.53,2.20946
2,2,120,140.32,2.22661
2,2,121,118.84,2.23423
2,2,122,125.58,2.24241
2,2,123,132.66,2.31102
2,2,124,152.47,2.3501
2,2,125,141.49,2.44464
2,2,126,173.45,2.52737
2,2,127,174.21,2.5731
2,2,128,179.18,2.61169
2,2,129,177.97,2.65374
2,2,130,194.48,2.70381
2,2,131,213.51,2.75677
2,2,132,200.49,2.82672
2,2,133,223.24,2.87083
2,2,134,223.99,2.91204
2,2,135,232.13,2.97517
2,2,136,242.01,3.00438
2,2,137,249.9,3.03831
2,2,138,311.4,3.08796
2,2,139,317.82,3.10416
2,2,140,313.13,3.11457
2,2,141,300.95,3.1313
2,2,142,333.55,3.1934
2,2,143,338.59,3.25363
2,2,144,398.04,3.26638
2,2,145,368.42,3.28334
2,2,146,430.87,3.30445
2,2,147,421.57,3.34301
2,2,148,460.0,3.38703
2,2,149,422.45,3.43047
2,2,150,466.91,3.48955
2,2,151,454.67,3.53292
2,2,152,484.07,3.58752
2,2,153,504.74,3.60533
2,2,154,538.5,3.6212
2,2,155,502.08,3.67997
2,2,156,445.83,3.75541
2,2,157,540.15,3.77126
2,2,158,562.6,3.79834
2,2,159,585.0,3.83134
2,2,160,590.28,3.85939
2,2,161,661.61,3.88671
2,2,162,648.87,3.94522
2,2,163,729.03,3.98267
2,2,164,740.71,4.02784
2,2,165,757.12,4.06391
2,2,166,755.3,4.1122
2,2,167,819.64,4.18569
2,2,168,768.93,4.21811
2,2,169,902.01,4.26183
2,2,170,863.81,4.31538
2,2,171,924.18,4.37209
2,2,172,852.44,4.42342
2,2,173,972.0,4.44208
2,2,174,947.73,4.48649
2,2,175,939.24,4.55254
2,2,176,937.78,4.57535
2,2,177,1045.84,4.59416
2,2,178,968.2,4.64743
2,2,179,1050.63,4.73438
2,2,180,1011.85,4.7663
2,2,181,1063.53,4.77966
2,2,182,1060.57,4.89346
2,2,183,1095.75,4.92434
2,2,184,1115.56,4.94653
2,2,185,1201.45,4.95506
2,2,186,1120.45,4.96831
2,2,187,1191.18,5.08296
2,2,188,1173.08,5.17618
2,2,189,1390.36,5.33711
2,2,190,1374.84,5.53564
2,2,191,1401.14,5.78417
2,2,192,1479.25,5.8762
2,2,193,1482.12,6.01772
2,2,194,1626.55,6.11169
2,2,195,1606.27,6.31164
2,2,196,1706.95,6.53989
2,2,197,1704.41,6.64807
2,2,198,1792.91,6.80473
2,2,199,1824.08,7.04607
2,2,200,1900.72,7.10621
2,2,201,1930.11,7.42506
2,2,202,2002.3,7.63755
2,2,203,2066.47,7.86638
2,2,204,2157.14,8.19372
2,2,205,2208.93,8.37764
2,2,206,2265.72,8.53352
2,2,207,2375.45,8.60315
2,2,208,2541.55,8.63901
2,2,209,2492.06,8.71237
2,2,210,2619.77,8.74133
2,2,211,2603.15,8.80131
2,2,212,2602.61,8.87264
2,2,213,2712.28,9.05334
2,2,214,2772.18,9.24993
2,2,215,2852.33,9.35917
2,2,216,2882.67,9.41455
2,2,217,3016.21,9.58964
2,2,218,3070.73,9.76992
2,2,219,2510.87,9.83049
2,2,220,2885.21,10.1086
2,2,221,2920.83,10.5615
2,2,222,3370.65,10.7279
2,2,223,3385.74,10.7933
2,2,224,3493.1,10.8368
2,2,225,3528.53,11.0827
2,2,226,3675.7,11.1804
2,2,227,3653.93,11.2315
2,2,228,3839.47,11.2788
2,2,229,3870.38,11.3689
2,2,230,4048.41,11.4399
2,2,231,4093.62,11.4952
2,2,232,4191.81,11.5312
2,2,233,4229.02,11.6798
2,2,219,2510.87,9.83049
2,2,220,2885.21,10.1086
2,2,221,2920.83,10.5615
2,2,222,3370.65,10.7279
2,2,223,3385.74,10.7933
2,2,224,3493.1,10.8368
2,2,225,3528.53,11.0827
2,2,226,3675.7,11.1804
2,2,227,3653.93,11.2315
2,2,228,3839.47,11.2788
2,2,229,3870.38,11.3689
2,2,230,4048.41,11.4399
2,2,231,4093.62,11.4952
2,2,232,4191.81,11.5312
2,2,233,4229.02,11.6798
2,2,234,4343.42,11.8184
2,2,235,4439.4,11.9215
2,2,236,4396.46,12.0282
2,2,237,4615.76,12.4015
2,2,238,4648.19,12.4981
2,2,239,4807.68,12.5722
2,2,240,4763.26,12.896
2,2,241,4979.54,13.05
2,2,242,4904.45,13.1638
2,2,243,5091.76,13.1962
2,2,244,5115.9,13.2333
2,2,245,5165.83,13.3079
2,2,246,5240.52,13.4596
2,2,247,5322.69,13.5187
2,2,248,5334.07,13.5434
2,2,249,5413.46,13.6821
2,2,250,5410.11,13.6821
2,2,251,5418.7,13.6821
2,2,252,5430.84,13.6821
2,2,253,4706.59,13.6821
2,2,254,5424.69,13.6821
2,2,255,5383.78,13.6821
2,2,256,5391.98,13.6821
2,3,5,0.001,0.0069
2,3,6,0.003,0.02436
2,3,7,0.007,0.02611
2,3,8,0.01,0.0392267
2,3,9,0.01,0.047935
2,3,10,0.04,0.08244
2,3,11,0.05,0.112527
2,3,12,0.08,0.122589
2,3,13,0.09,0.128348
2,3,14,0.15,0.184027
2,3,15,0.18,0.24597
2,3,16,0.31,0.302996
2,3,17,0.36,0.337277
2,3,18,0.48,0.367667
2,3,19,0.73,0.417317
2,3,20,1.1,0.479404
2,3,21,1.39,0.50485
2,3,22,1.94,0.570656
2,3,23,2.46,0.615738
2,3,24,3.18,0.656036
2,3,25,4.06,0.694827
2,3,26,4.87,0.738263
2,3,27,5.99,0.76451
2,3,28,6.95,0.777373
2,3,29,7.98,0.808084
2,3,30,9.32,0.861438
2,3,31,10.3,0.884337
2,3,32,12.58,0.915417
2,3,33,12.34,0.92296
2,3,34,15.34,0.974789
2,3,35,20.03,1.04943
2,3,36,19.24,1.08021
2,3,37,22.4,1.12131
2,3,38,25.65,1.16712
2,3,39,30.39,1.18685
2,3,40,35.61,1.23736
2,3,41,40.82,1.27338
2,3,42,49.58,1.37103
2,3,43,56.02,1.45684
2,3,44,62.65,1.47392
2,3,45,67.62,1.4896
2,3,46,73.67,1.53278
2,3,47,77.73,1.56405
2,3,48,86.65,1.62093
2,3,49,95.21,1.63417
2,3,50,99.79,1.74918
2,3,51,125.04,1.83007
2,3,52,130.97,2.02838
2,3,53,155.96,2.10656
2,3,54,166.81,2.33479
2,3,55,193.59,2.52571
2,3,56,208.86,2.6133
2,3,57,235.7,2.67194
2,3,58,256.64,2.78914
2,3,59,287.13,2.8558
2,3,60,313.28,2.94976
2,3,61,330.14,3.06589
2,3,62,376.11,3.29047
2,3,63,401.9,3.52059
2,3,64,448.28,3.64716
2,3,65,486.98,3.72356
2,3,66,511.17,3.82944
2,3,67,549.9,3.90624
2,3,68,626.21,3.99584
2,3,69,636.6,4.06872
2,3,70,719.24,4.17459
2,3,71,751.46,4.24191
2,3,72,811.7,4.32478
2,3,73,866.29,4.3624
2,3,74,973.83,4.44901
2,3,75,1016.03,4.51487
2,3,76,1070.78,4.5805
2,3,77,1162.11,4.67947
2,3,78,1254.69,4.75347
2,3,79,1292.48,4.81562
2,3,80,1390.95,4.8911
2,3,81,1439.88,4.9726
2,3,82,1537.87,4.993
2,3,83,1654.4,5.02025
2,3,84,1739.76,5.03457
2,3,85,1863.5,5.09684
2,3,86,1955.87,5.10936
2,3,87,2093.26,5.15505
2,3,88,2179.48,5.17177
2,3,89,2276.77,5.21044
2,3,90,2423.2,5.24919
2,3,91,2511.19,5.26043
2,3,92,2676.51,5.30054
2,3,93,2798.85,5.31757
2,3,94,2961.79,5.34955
2,3,95,3019.71,5.42494
2,3,96,3185.3,5.46903
2,3,97,3275.01,5.49043
2,3,98,3515.62,5.50064
2,4,5,0.001,0.1093
2,4,6,0.007,0.2136
2,4,7,0.02,0.30034
2,4,8,0.04,0.368117
2,4,9,0.07,0.420683
2,4,10,0.16,0.497524
2,4,11,0.27,0.601742
2,4,12,0.5,0.674222
2,4,13,0.66,0.754831
2,4,14,1.07,0.893685
2,4,15,1.55,1.03084
2,4,16,2.4,1.16305
2,4,17,3.48,1.29086
2,4,18,5.7,1.44432
2,4,19,8.28,1.62057
2,4,20,12.46,1.7137
2,4,21,15.42,1.74479
2,4,22,20.81,1.79431
2,4,23,25.34,1.82508
2,4,24,35.45,1.90159
2,4,25,41.39,1.92741
2,4,26,54.06,2.03731
2,4,27,64.86,2.07921
2,4,28,84.64,2.17012
2,4,29,104.37,2.33173
2,4,30,125.79,2.48856
2,4,31,153.88,2.59578
2,4,32,184.81,2.78409
2,4,33,221.2,2.8884
2,4,34,265.42,3.07364
2,4,35,323.04,3.17305
2,4,36,387.93,3.31472
2,4,37,449.14,3.39239
2,4,38,519.25,3.47409
2,4,39,597.87,3.49794
2,4,40,723.8,3.58616
2,4,41,789.82,3.60393
2,4,42,923.5,3.72646
2,4,43,1049.96,3.8165
2,4,44,1242.83,3.89017
2,4,45,1377.17,3.95964
2,4,46,1623.97,4.1283
2,4,47,1782.77,4.25267
2,4,48,2053.29,4.44858
2,4,49,2324.35,4.55424
2,4,50,2643.29,4.81192
2,4,51,2999.71,4.92406
2,4,52,3380.45,5.13238
2,4,53,3773.77,5.33851
2,4,54,4304.16,5.62039
2,4,55,4782.09,5.82365
2,4,56,5367.73,5.90951
2,4,57,5905.14,6.09988
2,4,58,6506.97,6.25031
2,5,5,0.003,0.5257
2,5,6,0.01,0.676875
2,5,7,0.03,0.76974
2,5,8,0.08,0.906387
2,5,9,0.18,1.00309
2,5,10,0.35,1.08816
2,5,11,0.59,1.14602
2,5,12,1.24,1.26895
2,5,13,2.15,1.4445
2,5,14,3.27,1.5437
2,5,15,5.22,1.65126
2,5,16,7.94,1.72921
2,5,17,13.51,2.17159
2,5,18,24.87,2.38612
2,5,19,35.05,2.51422
2,5,20,55.1,2.6645
2,5,21,74.58,2.81223
2,5,22,103.5,2.88772
2,5,23,139.84,2.94875
2,5,24,192.8,2.98782
2,5,25,252.99,3.10888
2,5,26,319.97,3.17976
2,5,27,412.7,3.33902
2,5,28,539.62,3.44169
2,5,29,722.5,3.88136
2,5,30,887.4,3.98073
2,5,31,1110.63,4.06378
2,5,32,1387.36,4.28245
2,5,33,1732.53,4.48793
2,5,34,2146.98,4.75139
2,5,35,2631.92,4.87547
2,5,36,3201.29,4.96296
2,5,37,3863.62,5.07285
2,5,38,4774.3,5.29655
2,5,39,5585.7,5.42469
2,5,40,6667.06,5.49763
2,5,41,7793.04,5.61343
2,5,42,9036.99,5.70748
2,5,43,10624.13,5.80139
2,5,44,12591.41,5.90658